geo,1990_vac,2000_vac,2010_vac,1990_area,2000_area,2010_area,1990,2000,2010
Afghanistan,25.0,24.0,66.0,58.3,57.8,58.1,0.295,0.34,0.454
Albania,94.0,97.0,99.0,40.9,41.8,43.8,0.635,0.662,0.738
Algeria,89.0,86.0,95.0,16.2,16.8,17.4,0.577,0.644,0.724
Andorra,,98.0,99.0,48.9,48.9,42.1,,,0.819
Angola,24.0,31.0,91.0,46.0,46.0,46.8,,0.391,0.495
Antigua and Barbuda,99.0,95.0,98.0,20.5,20.5,20.5,,,0.782
Argentina,87.0,83.0,94.0,46.6,47.0,53.9,0.705,0.771,0.816
Armenia,,93.0,94.0,,46.5,60.9,0.634,0.644,0.729
Australia,95.0,90.0,92.0,60.5,59.3,51.9,0.866,0.899,0.927
Austria,90.0,81.0,83.0,36.6,35.6,33.7,0.794,0.837,0.88
Azerbaijan,,75.0,72.0,,57.4,57.7,,0.642,0.741
Bahamas,86.0,99.0,99.0,1.2,1.3,1.5,,0.779,0.788
Bahrain,94.0,97.0,99.0,11.6,13.0,11.3,0.745,0.794,0.812
Bangladesh,69.0,83.0,95.0,79.8,72.2,71.0,0.386,0.468,0.545
Barbados,91.0,93.0,86.0,44.2,41.9,34.9,0.714,0.75,0.78
Belarus,,99.0,98.0,,45.6,43.9,,0.681,0.787
Belgium,93.0,95.0,99.0,,45.9,44.8,0.805,0.873,0.884
Belize,91.0,91.0,96.0,5.52,6.53,6.88,0.648,0.677,0.7
Benin,74.0,78.0,83.0,20.1,28.3,30.5,0.345,0.395,0.454
Bhutan,96.0,92.0,91.0,9.72,13.3,13.6,,,0.572
Bolivia,41.0,75.0,80.0,32.7,34.3,34.6,0.535,0.607,0.649
Bosnia and Herzegovina,,85.0,89.0,,41.6,41.9,,,0.711
Botswana,92.0,97.0,96.0,45.9,45.8,45.6,0.585,0.56,0.678
Brazil,66.0,98.0,98.0,28.9,31.3,32.7,0.611,0.685,0.724
Brunei,93.0,99.0,95.0,2.09,1.9,2.54,0.782,0.819,0.846
Bulgaria,99.0,93.0,94.0,55.7,50.5,46.5,0.7,0.713,0.775
Burkina Faso,66.0,63.0,91.0,35.0,35.7,44.2,,,0.377
Burundi,86.0,80.0,96.0,82.2,72.7,71.4,0.27,0.268,0.385
Cambodia,38.0,59.0,92.0,25.2,27.0,30.9,0.357,0.412,0.533
Cameroon,48.0,62.0,68.0,19.4,19.4,20.5,0.444,0.437,0.486
Canada,88.0,92.0,95.0,7.45,7.44,6.96,0.849,0.867,0.903
Cape Verde,88.0,90.0,99.0,16.9,17.6,19.4,,0.562,0.632
Central African Republic,82.0,37.0,54.0,8.04,8.27,8.15,0.32,0.314,0.361
Chad,20.0,36.0,35.0,38.4,38.6,39.3,,0.3,0.37
Chile,95.0,91.0,92.0,21.4,20.3,21.2,0.7,0.761,0.82
China,97.0,85.0,99.0,53.9,55.6,54.8,0.499,0.592,0.7
Colombia,88.0,79.0,88.0,40.6,40.4,38.3,0.592,0.653,0.7
Comoros,94.0,70.0,74.0,61.3,71.5,71.5,,,0.479
"Congo, Dem. Rep.",35.0,40.0,58.0,11.5,11.3,11.4,0.356,0.331,0.398
"Congo, Rep.",79.0,33.0,90.0,30.8,30.9,31.0,0.521,0.487,0.558
Costa Rica,95.0,88.0,91.0,45.1,36.0,35.6,0.653,0.708,0.752
Cote d'Ivoire,54.0,65.0,85.0,59.5,61.6,64.8,0.389,0.395,0.441
Croatia,,93.0,97.0,,20.9,23.8,0.669,0.749,0.808
Cuba,92.0,95.0,96.0,62.8,61.0,60.7,0.676,0.686,0.78
Cyprus,93.0,97.0,99.0,17.4,15.3,12.4,0.733,0.8,0.847
Czech Republic,,98.0,99.0,,55.4,54.8,0.761,0.821,0.861
Denmark,90.0,97.0,90.0,65.8,62.4,61.9,0.799,0.862,0.91
Djibouti,85.0,46.0,88.0,56.0,69.1,73.4,,0.363,0.451
Dominica,92.0,99.0,98.0,24.0,28.0,33.3,,0.695,0.722
Dominican Republic,69.0,78.0,88.0,52.7,52.1,49.6,0.596,0.656,0.703
Ecuador,68.0,88.0,99.0,28.3,32.5,30.2,0.643,0.67,0.71
Egypt,87.0,98.0,97.0,2.66,3.31,3.69,0.547,0.612,0.671
El Salvador,80.0,99.0,92.0,68.1,72.4,74.1,0.529,0.615,0.666
Equatorial Guinea,77.0,33.0,33.0,11.9,11.9,10.5,,0.527,0.58
Eritrea,,81.0,99.0,,74.6,75.2,,,0.405
Estonia,,93.0,94.0,,23.3,22.4,0.728,0.781,0.838
Ethiopia,49.0,27.0,50.0,51.1,30.7,35.7,,0.283,0.411
Fiji,97.0,90.0,99.0,22.4,23.4,23.3,0.641,0.683,0.709
Finland,90.0,99.0,99.0,7.86,7.28,7.54,0.783,0.856,0.878
France,94.0,97.0,99.0,55.9,54.4,52.8,0.779,0.849,0.882
Gabon,78.0,45.0,45.0,20.0,20.0,20.0,0.62,0.633,0.664
Gambia,92.0,80.0,97.0,57.9,54.5,60.8,0.33,0.384,0.441
Georgia,,80.0,91.0,,43.2,35.7,,0.673,0.742
Germany,80.0,90.0,99.0,51.6,48.9,47.9,0.801,0.86,0.912
Ghana,58.0,88.0,94.0,55.4,63.4,68.6,0.455,0.485,0.554
Greece,54.0,89.0,99.0,71.5,66.2,63.6,0.76,0.801,0.86
Grenada,80.0,97.0,97.0,38.2,35.3,23.5,,,0.741
Guatemala,66.0,81.0,94.0,40.0,41.7,37.0,0.478,0.546,0.609
Guinea,17.0,47.0,64.0,57.5,54.9,58.2,0.271,0.322,0.385
Guinea-Bissau,61.0,49.0,76.0,51.5,57.9,58.0,,,0.41
Guyana,83.0,88.0,95.0,8.8,8.68,8.52,0.541,0.606,0.624
Haiti,41.0,49.0,59.0,57.9,61.3,67.9,0.408,0.443,0.47
Honduras,84.0,94.0,98.0,29.7,26.2,28.9,0.507,0.557,0.611
Hungary,99.0,99.0,99.0,72.0,65.3,59.0,0.703,0.769,0.821
Iceland,99.0,98.0,96.0,19.0,18.8,18.7,0.797,0.854,0.894
India,70.0,62.0,72.0,61.0,60.9,60.4,0.428,0.494,0.58
Indonesia,60.0,71.0,63.0,24.9,26.0,30.7,0.528,0.604,0.662
Iran,91.0,99.0,99.0,37.8,38.6,28.6,0.572,0.666,0.745
Iraq,83.0,78.0,72.0,21.1,19.0,18.9,0.572,0.607,0.649
Ireland,65.0,86.0,94.0,82.0,64.0,66.3,0.762,0.857,0.909
Israel,93.0,96.0,95.0,26.8,26.2,23.3,0.785,0.85,0.883
Italy,83.0,87.0,96.0,57.3,53.2,48.7,0.768,0.828,0.872
Jamaica,86.0,93.0,99.0,44.0,44.2,41.0,0.651,0.68,0.722
Japan,90.0,85.0,98.0,15.6,14.4,12.6,0.814,0.856,0.884
Jordan,92.0,91.0,98.0,11.8,12.1,11.3,0.62,0.706,0.737
Kazakhstan,,97.0,99.0,,79.8,80.4,0.69,0.685,0.766
Kenya,84.0,82.0,83.0,47.0,46.9,48.0,0.473,0.447,0.53
Kiribati,97.0,90.0,91.0,48.1,42.0,42.0,,,0.585
Kuwait,71.0,98.0,98.0,7.91,8.31,8.53,0.713,0.786,0.792
Kyrgyz Republic,,99.0,96.0,,55.9,55.3,0.615,0.593,0.632
Lao,18.0,51.0,74.0,7.19,7.82,9.62,0.397,0.463,0.542
Latvia,,96.0,89.0,,25.5,29.0,0.703,0.728,0.81
Lebanon,82.0,83.0,81.0,59.1,58.2,62.6,,,0.758
Lesotho,82.0,83.0,83.0,76.4,76.9,76.6,0.493,0.443,0.469
Liberia,,46.0,47.0,25.9,27.1,27.6,,0.386,0.406
Libya,84.0,94.0,98.0,8.78,8.78,8.72,0.681,0.732,0.756
Lithuania,,94.0,95.0,,54.5,44.2,0.731,0.757,0.826
Luxembourg,90.0,98.0,99.0,,49.4,50.6,0.782,0.854,0.894
"Macedonia, FYR",,95.0,95.0,,48.6,44.4,,,0.735
Madagascar,46.0,57.0,85.0,62.5,69.6,71.2,,0.456,0.504
Malawi,87.0,75.0,93.0,44.7,50.2,60.3,0.325,0.387,0.444
Malaysia,90.0,95.0,94.0,20.8,21.4,22.7,0.643,0.725,0.774
Maldives,94.0,98.0,96.0,26.7,30.0,26.3,,0.587,0.663
Mali,42.0,43.0,76.0,26.3,31.6,33.6,0.222,0.297,0.404
Malta,63.0,94.0,76.0,40.6,28.1,32.3,0.736,0.783,0.826
Mauritania,33.0,53.0,64.0,38.5,38.6,38.5,0.378,0.444,0.487
Mauritius,85.0,88.0,99.0,54.7,49.8,44.8,0.62,0.673,0.748
Mexico,53.0,97.0,95.0,54.1,54.7,54.9,0.648,0.7,0.745
"Micronesia, Fed. Sts.",85.0,85.0,85.0,,32.1,31.4,,0.604,0.638
Moldova,,95.0,90.0,,77.4,75.0,0.652,0.597,0.672
Mongolia,84.0,94.0,96.0,80.9,84.0,73.1,0.579,0.588,0.701
Montenegro,,,94.0,,,38.1,,,0.792
Morocco,81.0,95.0,99.0,68.0,68.7,67.2,0.458,0.53,0.612
Mozambique,46.0,70.0,74.0,60.6,61.2,63.5,0.209,0.298,0.397
Myanmar,88.0,82.0,99.0,16.0,16.5,19.2,0.353,0.427,0.526
Namibia,,79.0,83.0,47.0,47.2,47.1,0.578,0.556,0.612
Nepal,43.0,74.0,82.0,29.0,29.6,28.8,0.378,0.446,0.529
Netherlands,97.0,97.0,97.0,59.4,57.9,55.5,0.83,0.878,0.911
New Zealand,90.0,90.0,93.0,61.5,58.5,43.3,0.818,0.868,0.901
Nicaragua,70.0,83.0,98.0,33.4,42.7,41.8,0.495,0.57,0.62
Niger,22.0,34.0,70.0,26.1,29.2,34.7,0.212,0.255,0.323
Nigeria,56.0,29.0,69.0,67.6,78.3,76.9,,,0.5
Norway,86.0,90.0,93.0,2.67,2.85,2.75,0.849,0.917,0.939
Oman,98.0,99.0,99.0,3.49,3.79,4.76,,0.705,0.797
Pakistan,54.0,62.0,86.0,45.7,47.6,45.7,0.404,0.45,0.525
Palau,99.0,96.0,69.0,,10.9,10.9,,0.741,0.77
Palestine,,93.0,99.0,62.3,61.8,41.2,,,0.669
Panama,86.0,98.0,94.0,28.6,30.0,30.5,0.662,0.721,0.758
Papua New Guinea,68.0,59.0,56.0,1.94,2.22,2.63,0.36,0.422,0.494
Paraguay,67.0,86.0,90.0,43.2,51.2,53.4,0.58,0.624,0.675
Peru,72.0,98.0,93.0,17.1,18.1,18.8,0.613,0.677,0.721
Philippines,88.0,78.0,79.0,37.4,37.7,40.6,0.586,0.622,0.669
Poland,96.0,98.0,99.0,61.4,60.1,47.2,0.712,0.784,0.829
Portugal,89.0,96.0,98.0,43.3,41.9,39.9,0.711,0.782,0.818
Qatar,82.0,80.0,97.0,5.25,5.68,5.64,0.754,0.809,0.827
Romania,96.0,99.0,94.0,64.4,64.7,61.5,0.7,0.708,0.798
Russia,,96.0,97.0,,13.3,13.1,0.733,0.72,0.785
Rwanda,84.0,90.0,97.0,76.2,67.7,73.1,0.244,0.332,0.464
Samoa,90.0,99.0,87.0,19.1,17.0,12.4,0.598,0.645,0.693
Sao Tome and Principe,92.0,82.0,98.0,43.8,51.0,50.5,0.454,0.497,0.546
Saudi Arabia,92.0,95.0,98.0,57.4,80.8,80.7,0.698,0.742,0.804
Senegal,51.0,52.0,85.0,46.1,46.9,49.1,0.367,0.381,0.455
Serbia,,95.0,91.0,,,40.3,0.714,0.709,0.757
Seychelles,99.0,98.0,99.0,8.7,8.7,5.22,,0.714,0.744
Sierra Leone,,44.0,84.0,39.1,38.9,54.5,0.272,0.302,0.392
Singapore,85.0,98.0,97.0,2.99,1.79,1.05,0.718,0.82,0.911
Slovak Republic,,99.0,99.0,,50.7,40.4,0.738,0.763,0.829
Slovenia,,91.0,96.0,,25.7,31.0,0.767,0.824,0.876
Solomon Islands,77.0,82.0,79.0,2.43,2.72,3.82,,0.442,0.497
South Africa,72.0,73.0,66.0,78.8,80.9,79.9,0.621,0.629,0.638
South Korea,74.0,97.0,94.0,22.6,20.5,18.2,0.731,0.82,0.884
Spain,86.0,95.0,97.0,61.0,59.7,55.1,0.755,0.825,0.867
Sri Lanka,86.0,99.0,99.0,37.3,37.5,41.8,0.626,0.686,0.746
St. Kitts and Nevis,99.0,98.0,95.0,46.2,36.5,21.9,,,0.741
St. Lucia,89.0,70.0,97.0,34.3,23.3,17.4,,0.684,0.733
St. Vincent and the Grenadines,98.0,97.0,99.0,30.8,25.6,25.6,,0.673,0.712
Sudan,62.0,62.0,90.0,51.7,55.4,42.1,0.331,0.399,0.463
Suriname,83.0,71.0,96.0,0.564,0.564,0.502,,,0.704
Swaziland,89.0,87.0,89.0,72.0,71.1,71.0,0.548,0.506,0.526
Sweden,99.0,99.0,98.0,8.32,7.68,7.52,0.815,0.877,0.901
Switzerland,90.0,88.0,96.0,40.6,39.6,38.8,0.831,0.888,0.932
Syria,91.0,84.0,80.0,73.4,74.6,75.7,0.556,0.589,0.646
Tajikistan,,83.0,93.0,,32.7,34.0,0.616,0.535,0.608
Tanzania,78.0,79.0,91.0,36.1,38.4,42.3,0.37,0.391,0.498
Thailand,92.0,97.0,99.0,41.9,38.8,41.2,0.574,0.649,0.72
Timor-Leste,,,72.0,21.4,22.7,25.0,,0.47,0.607
Togo,77.0,64.0,81.0,58.7,66.7,67.4,0.404,0.426,0.457
Tonga,94.0,95.0,99.0,44.4,41.7,44.4,0.648,0.674,0.712
Trinidad and Tobago,82.0,90.0,90.0,15.0,13.1,10.5,0.67,0.715,0.774
Tunisia,93.0,97.0,98.0,55.6,61.5,64.6,0.569,0.654,0.714
Turkey,84.0,85.0,97.0,51.6,52.6,50.7,0.576,0.653,0.737
Turkmenistan,,97.0,96.0,,75.5,72.4,,,0.665
Uganda,45.0,52.0,80.0,59.9,62.6,71.1,0.309,0.396,0.477
Ukraine,,99.0,52.0,,71.5,71.2,0.706,0.673,0.734
United Arab Emirates,85.0,94.0,94.0,3.41,6.6,4.75,0.726,0.798,0.824
United Kingdom,84.0,91.0,94.0,75.2,70.1,71.2,0.775,0.866,0.902
United States,90.0,94.0,94.0,46.6,45.2,44.6,0.86,0.884,0.91
Uruguay,97.0,90.0,95.0,85.2,85.5,82.5,0.692,0.742,0.78
Uzbekistan,,99.0,99.0,,64.2,62.7,,0.594,0.664
Vanuatu,76.0,71.0,68.0,12.5,14.4,15.3,,,0.591
Venezuela,63.0,77.0,78.0,24.8,24.5,24.5,0.634,0.672,0.756
Vietnam,88.0,96.0,93.0,20.7,28.2,34.7,0.477,0.576,0.655
Yemen,84.0,76.0,87.0,44.7,44.8,44.7,0.405,0.444,0.493
Zambia,91.0,85.0,83.0,28.0,30.3,31.5,0.398,0.424,0.543
Zimbabwe,88.0,79.0,94.0,33.6,38.9,41.9,0.499,0.427,0.452
